Input Virtual Memory address in decimal   Output Physical Memory address in decimal
16916                  20
62493                  285
30198                  630
53683                  819
40185                  1145
28781                  1389
24462                  1550
48399                  1807
64815                  2095
18295                  2423
12218                  2618
22760                  2920
57982                  3198
27966                  3390
54894                  3694
38929                  3857
32865                  4193
64243                  4467
2315                  4619
64454                  4934
55041                  5121
18633                  5449
14557                  5725
61006                  5966
62615                  279
7591                  6183
64747                  6507
6727                  6727
32315                  6971
60645                  7269
6308                  7460
45688                  7800
969                  8009
40891                  8251
49294                  8462
41118                  8734
21395                  8979
6091                  9291
32541                  9501
17665                  9729
3784                  10056
28718                  1326
59240                  10344
40178                  1138
60086                  10550
42252                  10764
44770                  11106
22514                  11378
3067                  11643
15757                  11789
31649                  12065
10842                  12378
43765                  12661
33405                  12925
44954                  13082
56657                  13393
5003                  13579
50227                  13875
19358                  14110
36529                  14385
10392                  14616
58882                  14850
5129                  15113
58554                  15418
58584                  15448
27444                  15668
58982                  14950
51476                  15892
6796                  6668
21311                  9023
30705                  16241
28964                  16420
41003                  8747
20259                  16675
57857                  3073
63258                  16922
36374                  14358
692                  17204
43121                  17521
48128                  17664
34561                  17921
49213                  8509
36922                  18234
59162                  10266
50552                  18552
17866                  9802
18145                  18785
3884                  18988
54388                  19316
42932                  19508
46919                  19783
58892                  14860
8620                  20012
38336                  20288
64357                  4965
23387                  20571
42632                  20744
15913                  21033
15679                  11839
22501                  11365
37540                  21284
5527                  21527
63921                  21809
62716                  380
32874                  4202
64390                  4870
63101                  22141
61802                  22378
19648                  22592
29031                  16487
44981                  13109
28092                  3388
9448                  22888
44744                  11080
61496                  23096
31453                  23389
60746                  23626
12199                  2599
62255                  23855
21793                  24097
26544                  24368
14964                  24692
41462                  24950
56089                  25113
52038                  25414
47982                  25710
59484                  25948
50924                  26220
6942                  26398
34998                  26678
27069                  26941
51926                  27222
60645                  7269
43181                  17453
10559                  27455
4664                  27704
28578                  27938
59516                  25980
38912                  3840
63562                  28234
64846                  2126
62938                  28506
27194                  28730
28804                  1284
61703                  22279
10998                  12406
6596                  28996
37721                  29273
43430                  29478
22692                  2852
62971                  28539
47125                  29717
52521                  29993
34646                  18006
32889                  4217
13055                  30335
65416                  30472
62869                  28437
57314                  30818
12659                  31091
14052                  31332
32956                  4156
49273                  8569
50352                  13872
49737                  31561
15555                  31811
47475                  32115
15328                  32352
34621                  17981
51365                  32549
32820                  4148
48855                  32855
12224                  2624
2035                  33139
60539                  7291
14595                  33283
13853                  31261
24143                  33615
15216                  32368
8113                  33841
22640                  2928
32978                  4178
39151                  3951
19520                  22592
58141                  34077
63959                  21847
53040                  34352
55842                  34594
585                  17225
51229                  32541
64181                  4405
54879                  3679
28210                  34866
10268                  14620
15395                  31779
12884                  30292
2149                  35173
53483                  35435
59606                  25942
14981                  24581
36672                  35648
23197                  35869
36518                  14374
13361                  36145
19810                  36450
25955                  36707
62678                  342
26021                  36645
29409                  36961
38111                  37215
58573                  15437
56840                  37384
41306                  24922
54426                  19226
3617                  10017
50652                  18524
41452                  24940
20241                  16657
31723                  12139
53747                  883
28550                  27910
23402                  20586
21205                  37717
56181                  25205
57470                  38014
39933                  38269
34964                  26644
24781                  38477
41747                  38675
62564                  356
58461                  15453
20858                  39034
49301                  8469
40572                  39292
23840                  39456
35278                  39758
62905                  28473
56650                  13386
11149                  39949
38920                  3848
23430                  20486
57592                  38008
3080                  40200
6677                  6677
50704                  26128
51883                  27179
62799                  28495
20188                  40540
1245                  40797
12220                  2620
17602                  41026
28609                  27969
42694                  20806
29826                  41218
13827                  31235
27336                  28744
53343                  35423
11533                  41485
41713                  41841
33890                  42082
4894                  13598
57599                  38015
3870                  18974
58622                  15486
29780                  41300
62553                  345
2303                  35199
51915                  27211
6251                  7531
38107                  37211
59325                  10301
61295                  42351
26699                  42571
51188                  42868
59519                  25983
7345                  43057
20325                  16741
39633                  43345
1562                  43546
7580                  6172
8170                  33898
62256                  23856
35823                  43887
27790                  44046
13191                  44295
9772                  44588
7477                  6197
44455                  44839
59546                  25882
49347                  8515
36539                  14395
12453                  45093
49640                  45416
28290                  34818
44817                  13073
8565                  20085
16399                  45583
41934                  38734
45457                  45841
33856                  42048
19498                  22570
17661                  41085
63829                  21845
42034                  46130
28928                  16384
30711                  16247
8800                  46432
52335                  46703
38775                  46967
52704                  30048
24380                  1596
19602                  22546
57998                  3086
2919                  11623
8362                  47146
17884                  9820
45737                  7721
47894                  25622
59667                  47379
10385                  14609
52782                  47662
64416                  4896
40946                  8306
16778                  47882
27159                  28695
24324                  1540
32450                  6978
9108                  48148
65305                  30489
19575                  22647
11117                  40045
65170                  48402
58013                  3101
61676                  23148
63510                  28182
17458                  41010
54675                  48659
1713                  43569
55105                  5185
65321                  30505
45278                  48990
26256                  49168
64198                  4422
29441                  49409
1928                  33032
39425                  43265
32000                  49664
28549                  27909
46295                  50007
22772                  2932
58228                  34164
63525                  28197
32602                  9562
46195                  50035
55849                  34601
46454                  50294
7487                  6207
33879                  42071
42004                  46100
8599                  19991
18641                  5457
49015                  50551
26830                  42574
34754                  17986
14668                  33356
38362                  20314
38791                  46855
4171                  50763
45975                  50967
14623                  33311
62393                  23865
64658                  6418
10963                  12371
9058                  48226
51031                  42839
32425                  6953
45483                  45867
44611                  11075
63664                  28208
54920                  3592
7663                  6255
56480                  51232
1489                  51537
28438                  27926
65449                  30505
12441                  45081
58530                  15394
63570                  28242
26251                  49163
15972                  21092
35826                  43890
5491                  21619
54253                  51821
49655                  45431
5868                  52076
20163                  40515
51079                  42759
21398                  8982
32756                  9588
64196                  4420
43218                  17490
21583                  52303
25086                  52606
45515                  45899
12893                  30301
22914                  52738
58969                  14937
20094                  40574
13730                  53026
44059                  53275
28931                  16387
13533                  36189
33134                  53614
28483                  27971
1220                  40772
38174                  20254
53502                  35454
43328                  29504
4970                  13674
8090                  33818
2661                  53861
53903                  54031
11025                  39953
26627                  42499
18117                  18757
14505                  5673
61528                  23128
20423                  16711
26962                  26962
36392                  14376
11365                  54373
50882                  26178
41668                  41796
30497                  16161
36216                  54648
5619                  21619
36983                  18295
59557                  25893
36663                  35639
36436                  14420
37057                  18241
23585                  54817
58791                  55079
46666                  55370
64475                  4955
21615                  52335
41090                  8706
1771                  43627
47513                  32025
39338                  55594
1390                  51566
38772                  46964
58149                  34085
7196                  43036
9123                  48163
7491                  6211
62616                  280
15436                  31820
17491                  41043
53656                  792
26449                  24401
34935                  26743
19864                  36376
51388                  32572
15155                  32307
64775                  2055
47969                  25697
16315                  55867
1342                  51518
51185                  42865
6043                  9243
21398                  8982
3273                  40265
9370                  22810
35463                  56071
28205                  34861
2351                  4655
28999                  16455
47699                  56403
46870                  19734
22311                  11303
22124                  56684
22427                  11291
49344                  8512
23224                  35896
5514                  21514
20504                  56856
376                  57208
2014                  33118
38700                  46892
13098                  44330
62435                  23907
48046                  25646
63464                  17000
12798                  31102
51178                  42858
8627                  20019
27083                  26955
47198                  29790
44021                  57461
32792                  4120
43996                  57436
41126                  8742
64244                  4468
37047                  18231
60281                  57721
52904                  47656
7768                  57944
55359                  58175
3230                  40222
44813                  13069
4116                  50708
65222                  48454
28083                  3379
60660                  7284
39                  58407
328                  57160
47868                  56444
13009                  30289
22378                  11370
39304                  55560
11171                  39971
8079                  33807
52879                  47631
5123                  15107
4356                  58628
45745                  7729
32952                  4152
4657                  27697
24142                  33614
23319                  20503
13607                  53031
46304                  50016
17677                  9741
59691                  47403
50967                  42775
7817                  57865
8545                  20065
55297                  58113
52954                  47706
39720                  38184
18455                  5399
30349                  58893
63270                  16934
27156                  28692
20614                  56838
19372                  14124
48689                  32817
49386                  8554
50584                  18456
51936                  27232
34705                  17937
13653                  53077
50077                  59165
54518                  19318
41482                  41738
4169                  50761
36118                  54550
9584                  59504
18490                  5434
55420                  58236
5708                  52044
23506                  20562
15391                  31775
36368                  14352
38976                  3904
50406                  13926
49236                  8532
65035                  48395
30120                  552
62551                  343
46809                  55385
21687                  52279
53839                  54095
2098                  35122
12364                  45132
45366                  45878
50437                  18437
36675                  35651
55382                  58198
11846                  59718
49127                  50535
19900                  36412
20554                  56906
19219                  14099
51483                  15899
58090                  3178
39074                  3874
16060                  21052
10447                  14671
54169                  51737
20634                  56858
57555                  37971
61210                  42266
269                  57101
33154                  53506
64487                  4967
61223                  42279
47292                  29756
21852                  24156
5281                  15137
45912                  51032
32532                  9492
63067                  22107
41683                  41811
20981                  39029
33881                  42073
41785                  38713
4580                  58724
41389                  24877
28572                  27932
782                  7950
30273                  58945
62267                  23867
17922                  18690
63238                  16902
3308                  40300
26545                  24369
44395                  44907
39120                  3920
21706                  52298
7144                  26472
30244                  58916
3725                  9997
54632                  48744
30574                  16238
8473                  19993
12386                  45154
41114                  8730
57930                  3146
15341                  32365
15598                  31854
59922                  10514
18226                  2354
48162                  17698
41250                  24866
1512                  51560
2546                  4722
41682                  41810
322                  57154
880                  8048
20891                  38939
56604                  13340
40166                  1126
26791                  42535
44560                  11024
38698                  46890
64127                  4479
15028                  24628
38669                  46861
45637                  7749
43151                  17423
9465                  22905
2498                  4674
13978                  31258
16326                  55878
51442                  32626
34845                  26653
63667                  28211
39370                  55626
55671                  60023
64496                  4976
7767                  57943
6283                  7435
55884                  34636
61103                  5935
10184                  60232
39543                  43383
9555                  59475
13963                  31243
58975                  14943
19537                  22609
6101                  9301
41421                  24909
45502                  45886
29328                  36880
8149                  33877
25450                  60522
58944                  14912
50666                  18538
23084                  35884
36468                  14452
33645                  60781
25002                  52522
53715                  851
60173                  57613
46354                  50194
4708                  27748
28208                  34864
58844                  55132
22173                  56605
8535                  20055
42261                  10773
29687                  49527
37799                  29223
22566                  2854
62520                  312
4098                  50690
47999                  25727
49660                  45436
37063                  18247
41856                  38656
5417                  21545
48856                  32856
10682                  27450
22370                  11362
63281                  16945
62452                  23924
50532                  18532
9022                  48190
59300                  10276
58660                  55076
56401                  51281
8518                  20038
63066                  22106
63250                  16914
48592                  1872
28771                  1379
37673                  29225
60776                  23656
56438                  51318
60424                  7176
39993                  1081
56004                  34628
59002                  14970
33982                  42046
25498                  60442
57047                  37463
1401                  51577
15130                  32282
42960                  19536
61827                  22275
32442                  6970
64304                  4912
30273                  58945
38082                  37186
22404                  11268
3808                  10080
16883                  47987
23111                  35911
62417                  23889
60364                  57676
4542                  58686
14829                  33389
44964                  13092
33924                  41988
2141                  35165
19245                  14125
47168                  29760
24048                  39536
1022                  8062
23075                  35875
24888                  52536
49247                  8543
4900                  13604
22656                  2816
34117                  60997
55555                  59907
48947                  50483
59533                  25869
21312                  9024
21415                  8999
813                  7981
19419                  14171
1999                  33103
20155                  40507
21521                  52241
13670                  53094
19289                  14169
58483                  15475
41318                  24934
16151                  55831
13611                  53035
21514                  52234
13499                  36155
45583                  7695
49013                  50549
64843                  2123
63485                  17021
38697                  46889
59188                  10292
24593                  38417
57641                  61225
36524                  14380
56980                  37396
36810                  35658
6096                  9296
11070                  39998
60124                  10588
37576                  21320
15096                  24696
45247                  48959
32783                  4111
58390                  15382
60873                  23625
23719                  54823
24385                  1601
22307                  11299
17375                  61535
15990                  21110
20526                  56878
25904                  36656
42224                  46192
9311                  22879
7862                  57910
3835                  10107
30535                  16199
65179                  48411
57387                  37931
63579                  28251
4946                  13650
9037                  48205
61033                  5993
55543                  58231
50361                  13881
6480                  29008
14042                  31322
21531                  52251
39195                  55579
37511                  21255
23696                  54800
27440                  15664
28201                  34857
23072                  35872
7814                  57862
6552                  28952
43637                  12661
35113                  39721
34890                  26698
61297                  42353
45633                  7745
61431                  42359
46032                  51024
18774                  61782
62991                  22031
28059                  3355
35229                  39709
51230                  32542
14405                  5701
52242                  46610
43153                  17425
2709                  53781
47963                  25691
36943                  18255
54066                  51762
10054                  60230
43051                  17451
11525                  41477
17684                  9748
41681                  41809
27883                  44139
56909                  37453
45772                  7756
27496                  15720
46842                  55418
38734                  46926
28972                  16428
59684                  47396
11384                  54392
21018                  37658
2192                  35088
18384                  2384
13464                  36120
31018                  61994
62958                  28526
30611                  16147
1913                  33145
18904                  61784
26773                  42517
55491                  58179
21899                  24075
64413                  4893
47134                  29726
23172                  35844
7262                  43102
12705                  31009
7522                  6242
58815                  55103
34916                  26724
3802                  10074
58008                  3096
1239                  40791
63947                  21835
381                  57213
60734                  23614
48769                  32769
41938                  38738
38025                  37129
55099                  5179
56691                  13427
39530                  43370
59003                  14971
6029                  9229
20920                  38968
8077                  33805
42633                  20745
17443                  40995
53570                  834
22833                  52785
3782                  10054
47758                  56334
22136                  56696
22427                  11291
23867                  39483
59968                  10560
62166                  62294
6972                  26428
63684                  28228
46388                  50228
41942                  38742
36524                  14380
9323                  22891
31114                  61962
22345                  11337
46463                  50303
54671                  48655
9214                  48254
7257                  43097
33150                  53630
41565                  41821
26214                  49254
3595                  9995
17932                  18700
34660                  18020
51961                  27257
58634                  55050
57990                  3078
28848                  1328
49920                  59136
18351                  2351
53669                  805
33996                  42060
6741                  6741
64098                  4450
606                  17246
27383                  28791
63140                  22052
32228                  49764
63437                  16973
29085                  16413
65080                  48440
38753                  46945
16041                  21033
9041                  48209
42090                  46186
46388                  50228
63650                  28194
36636                  35612
21947                  24123
19833                  36473
36464                  14448
8541                  20061
12712                  31016
48955                  50491
39206                  55590
15578                  31834
49205                  8501
7731                  57907
43046                  17446
60498                  7250
9237                  22805
47706                  56410
43973                  57413
42008                  46104
27460                  15684
24999                  52519
51933                  27229
34070                  60950
65155                  48387
59955                  10547
9277                  22845
20420                  16708
44860                  13116
50992                  42800
10583                  27479
57751                  61207
23195                  35867
27227                  28763
42816                  19520
58219                  34155
37606                  21350
18426                  2426
21238                  37750
11983                  59727
48394                  1802
11036                  39964
30557                  16221
23453                  20509
49847                  31543
30032                  592
48065                  25665
6957                  26413
2301                  35197
7736                  57912
31260                  23324
17071                  47
8940                  46444
9929                  44617
45563                  45947
12107                  2635
